  -1.00000000         3.84615399E-02     3.84615399E-02
 -0.990000010         3.92118394E-02    -42.4702492    
 -0.980000019         3.99840064E-02    -58.2381287    
 -0.970000029         4.07788754E-02    -58.5447731    
 -0.960000038         4.15973365E-02    -50.8652039    
 -0.950000048         4.24403138E-02    -39.9519386    
 -0.940000057         4.33087870E-02    -28.6627865    
 -0.930000067         4.42037731E-02    -18.5541553    
 -0.920000076         4.51263450E-02    -10.3346577    
 -0.910000086         4.60776351E-02    -4.17929840    
 -0.900000095         4.70588133E-02     4.70188744E-02
 -0.890000105         4.80711311E-02     2.63772988    
 -0.880000114         4.91159037E-02     3.94508743    
 -0.870000124         5.01944907E-02     4.31825447    
 -0.860000134         5.13083488E-02     4.06912804    
 -0.850000143         5.24590015E-02     3.45499778    
 -0.840000153         5.36480471E-02     2.67436528    
 -0.830000162         5.48771881E-02     1.86993968    
 -0.820000172         5.61482087E-02     1.13530374    
 -0.810000181         5.74629828E-02    0.524050176    
 -0.800000191         5.88235036E-02     5.88305108E-02
 -0.790000200         6.02318607E-02   -0.259784967    
 -0.780000210         6.16902821E-02   -0.445865184    
 -0.770000219         6.32010996E-02   -0.521801412    
 -0.760000229         6.47668019E-02   -0.513550699    
 -0.750000238         6.63900003E-02   -0.447048396    
 -0.740000248         6.80734739E-02   -0.345880151    
 -0.730000257         6.98201656E-02   -0.229845777    
 -0.720000267         7.16331899E-02   -0.114349738    
 -0.710000277         7.35158473E-02    -1.03178034E-02
 -0.700000286         7.54716471E-02     7.54694492E-02
 -0.690000296         7.75042921E-02    0.139792010    
 -0.680000305         7.96177685E-02    0.182281449    
 -0.670000315         8.18162560E-02    0.204673722    
 -0.660000324         8.41042101E-02    0.210091829    
 -0.650000334         8.64864066E-02    0.202422976    
 -0.640000343         8.89678821E-02    0.185776144    
 -0.630000353         9.15540382E-02    0.164082706    
 -0.620000362         9.42506120E-02    0.140805379    
 -0.610000372         9.70637128E-02    0.118752681    
 -0.600000381         9.99998823E-02    0.100000568    
 -0.590000391        0.103066094         8.58832672E-02
 -0.580000401        0.106269784         7.70500228E-02
 -0.570000410        0.109618932         7.35612735E-02
 -0.560000420        0.113122024         7.50106946E-02
 -0.550000429        0.116788149         8.06595758E-02
 -0.540000439        0.120627098         8.95633698E-02
 -0.530000448        0.124649227        0.100695796    
 -0.520000458        0.128865778        0.113047697    
 -0.510000467        0.133288696        0.125710011    
 -0.500000477        0.137930810        0.137930438    
 -0.490000486        0.142805889        0.149148107    
 -0.480000496        0.147928745        0.159007192    
 -0.470000505        0.153315172        0.167352840    
 -0.460000515        0.158982217        0.174212039    
 -0.450000525        0.164948136        0.179762200    
 -0.440000534        0.171232522        0.184297979    
 -0.430000544        0.177856460        0.188187167    
 -0.420000553        0.184842482        0.191835329    
 -0.410000563        0.192214862        0.195647880    
 -0.400000572        0.199999541        0.199999765    
 -0.390000582        0.208224401        0.205211207    
 -0.380000591        0.216919214        0.211531669    
 -0.370000601        0.226115882        0.219130829    
 -0.360000610        0.235848427        0.228097841    
 -0.350000620        0.246153176        0.238445193    
 -0.340000629        0.257068694        0.250121862    
 -0.330000639        0.268635899        0.263025403    
 -0.320000648        0.280898064        0.277020812    
 -0.310000658        0.293900669        0.291958421    
 -0.300000668        0.307691365        0.307691187    
 -0.290000677        0.322319686        0.324091226    
 -0.280000687        0.337836742        0.341062397    
 -0.270000696        0.354294658        0.358550191    
 -0.260000706        0.371745944        0.376546741    
 -0.250000715        0.390242517        0.395091653    
 -0.240000710        0.409834623        0.414268643    
 -0.230000705        0.430568993        0.434197515    
 -0.220000699        0.452487111        0.455024332    
 -0.210000694        0.475622594        0.476906538    
 -0.200000688        0.499998271        0.499998182    
 -0.190000683        0.525622368        0.524433911    
 -0.180000678        0.552484334        0.550311744    
 -0.170000672        0.580549598        0.577680051    
 -0.160000667        0.609754086        0.606523335    
 -0.150000662        0.639997959        0.636753261    
 -0.140000656        0.671138823        0.668201149    
 -0.130000651        0.702985644        0.700616956    
 -0.120000653        0.735291958        0.733669341    
 -0.110000655        0.767752230        0.766953349    
 -0.100000657        0.799997866        0.799997807    
  -9.00006592E-02    0.831598759        0.832280040    
  -8.00006613E-02    0.862066925        0.863241673    
  -7.00006634E-02    0.890866756        0.892307878    
  -6.00006655E-02    0.917429566        0.918906748    
  -5.00006676E-02    0.941174984        0.942488492    
  -4.00006697E-02    0.961537182        0.962549508    
  -3.00006699E-02    0.977994144        0.978646934    
  -2.00006701E-02    0.990098298        0.990416765    
  -1.00006703E-02    0.997505963        0.997589767    
  -6.70552254E-07     1.00000000         1.00000000    
   9.99932922E-03    0.997506559        0.997590601    
   1.99993290E-02    0.990099728        0.990418315    
   2.99993288E-02    0.977996111        0.978649080    
   3.99993286E-02    0.961539686        0.962552428    
   4.99993265E-02    0.941177964        0.942491829    
   5.99993244E-02    0.917432845        0.918909967    
   6.99993223E-02    0.890870452        0.892311692    
   7.99993202E-02    0.862071037        0.863245666    
   8.99993181E-02    0.831602991        0.832283854    
   9.99993160E-02    0.800002217        0.800002337    
  0.109999314        0.767756581        0.766958117    
  0.119999312        0.735296369        0.733674467    
  0.129999310        0.702989936        0.700621426    
  0.139999315        0.671143055        0.668205738    
  0.149999321        0.640002072        0.636757433    
  0.159999326        0.609758079        0.606527627    
  0.169999331        0.580553412        0.577683926    
  0.179999337        0.552488029        0.550315320    
  0.189999342        0.525625944        0.524436951    
  0.199999347        0.500001669        0.500001431    
  0.209999353        0.475625783        0.476909846    
  0.219999358        0.452490151        0.455027223    
  0.229999363        0.430571884        0.434200197    
  0.239999369        0.409837335        0.414271235    
  0.249999374        0.390245110        0.395094246    
  0.259999365        0.371748358        0.376549304    
  0.269999355        0.354296923        0.358552605    
  0.279999346        0.337838858        0.341064811    
  0.289999336        0.322321713        0.324093461    
  0.299999326        0.307693273        0.307693452    
  0.309999317        0.293902457        0.291960537    
  0.319999307        0.280899733        0.277022749    
  0.329999298        0.268637508        0.263027281    
  0.339999288        0.257070214        0.250123501    
  0.349999279        0.246154591        0.238446862    
  0.359999269        0.235849813        0.228098974    
  0.369999260        0.226117149        0.219132021    
  0.379999250        0.216920406        0.211532593    
  0.389999241        0.208225533        0.205211952    
  0.399999231        0.200000614        0.200000331    
  0.409999222        0.192215875        0.195648327    
  0.419999212        0.184843466        0.191835791    
  0.429999202        0.177857369        0.188187465    
  0.439999193        0.171233401        0.184298366    
  0.449999183        0.164948940        0.179763108    
  0.459999174        0.158982977        0.174212471    
  0.469999164        0.153315917        0.167353824    
  0.479999155        0.147929445        0.159008399    
  0.489999145        0.142806575        0.149149358    
  0.499999136        0.137931436        0.137932017    
  0.509999156        0.133289278        0.125711799    
  0.519999146        0.128866345        0.113049299    
  0.529999137        0.124649778        0.100697309    
  0.539999127        0.120627612         8.95649865E-02
  0.549999118        0.116788663         8.06611553E-02
  0.559999108        0.113122486         7.50119910E-02
  0.569999099        0.109619386         7.35615715E-02
  0.579999089        0.106270231         7.70495906E-02
  0.589999080        0.103066511         8.58819261E-02
  0.599999070        0.100000277         9.99984220E-02
  0.609999061         9.70640928E-02    0.118749909    
  0.619999051         9.42509696E-02    0.140801683    
  0.629999042         9.15543810E-02    0.164079234    
  0.639999032         8.89682174E-02    0.185773894    
  0.649999022         8.64867195E-02    0.202419743    
  0.659999013         8.41045156E-02    0.210091710    
  0.669999003         8.18165466E-02    0.204674631    
  0.679998994         7.96180591E-02    0.182286739    
  0.689998984         7.75045678E-02    0.139798746    
  0.699998975         7.54719004E-02     7.54793435E-02
  0.709998965         7.35160932E-02    -1.03058424E-02
  0.719998956         7.16334283E-02   -0.114334755    
  0.729998946         6.98203966E-02   -0.229830906    
  0.739998937         6.80737048E-02   -0.345868081    
  0.749998927         6.63902164E-02   -0.447039247    
  0.759998918         6.47670105E-02   -0.513546407    
  0.769998908         6.32013083E-02   -0.521807253    
  0.779998899         6.16904795E-02   -0.445881844    
  0.789998889         6.02320544E-02   -0.259819299    
  0.799998879         5.88236861E-02     5.87792993E-02
  0.809998870         5.74631579E-02    0.523973584    
  0.819998860         5.61483763E-02     1.13522756    
  0.829998851         5.48773557E-02     1.86982965    
  0.839998841         5.36482073E-02     2.67424226    
  0.849998832         5.24591543E-02     3.45484829    
  0.859998822         5.13084941E-02     4.06909037    
  0.869998813         5.01946360E-02     4.31831408    
  0.879998803         4.91160415E-02     3.94517326    
  0.889998794         4.80712689E-02     2.63796401    
  0.899998784         4.70589474E-02     4.74584177E-02
  0.909998775         4.60777581E-02    -4.17863798    
  0.919998765         4.51264717E-02    -10.3336802    
  0.929998755         4.42038924E-02    -18.5529728    
  0.939998746         4.33089025E-02    -28.6609879    
  0.949998736         4.24404293E-02    -39.9510574    
  0.959998727         4.15974446E-02    -50.8626022    
  0.969998717         4.07789797E-02    -58.5442047    
  0.979998708         3.99841070E-02    -58.2394676    
  0.989998698         3.92119400E-02    -42.4740448    
  0.999998689         3.84616330E-02     3.04808393E-02
